# Created by Octave 3.6.4, Fri Sep 12 23:22:56 2014 ART <pedro@lmde-1tb>
# name: ancho
# type: scalar
20


# name: ans
# type: sq_string
# elements: 1
# length: 26
/usr/share/octave/packages


# name: at
# type: scalar
400


# name: datos
# type: matrix
# rows: 24
# columns: 3
 91 6 1.75
 157 155 1.81
 100 279 2.01
 208 279 1.96
 104 388 2.45
 305 0 2.08
 330 108 2.07
 372 204 2.05
 384 282 2.48
 422 390 2.6
 510 10 1.97
 532 93 1.6
 614 390 2.42
 608 12 1.92
 712 117 1.95
 718 385 2.39
 822 52 1.5
 816 248 2.05
 923 5 1.81
 920 173 1.05
 923 385 2.28
 1023 87 1.6
 1145 3 2.21
 1105 380 2.42


# name: i
# type: scalar
20


# name: j
# type: scalar
57


# name: lado_celda
# type: global scalar
20


# name: largo
# type: scalar
57.5


# name: lt
# type: scalar
1150


# name: terreno
# type: matrix
# rows: 20
# columns: 57
 1.77930707618485 1.78964269468878 1.807785229363984 1.832669041303724 1.86064882399494 1.887986385933356 1.913518507753736 1.938270212715442 1.963158097560548 1.987338312852223 2.008619555029072 2.025815733215342 2.040962987237906 2.059716718866287 2.090344521938352 2.139924910463339 2.205063951901179 2.268135426020624 2.312599334830595 2.335417581064985 2.341637022003961 2.337000348400999 2.325837882053736 2.31121582752286 2.295264778964309 2.279383841937387 2.26440208804012 2.250733026073237 2.238513161347214 2.227712137211195 2.218211308088861 2.209854853503512 2.202480244400148 2.195934644845551 2.190082442074877 2.184807563340792 2.180012968302497 2.1756187857779 2.171559948189749 2.167783787764634 2.164247823560704 2.160917832932272 2.157766227116708 2.154770713392396 2.151913210071325 2.149178975934149 2.14655591695987 2.144034037124426 2.141605004870565 2.139261811667258 2.136998503449469 2.134809969497828 2.132691776461985 2.130640037799572 2.128651310969608 2.126722516365771 2.124850873277414
 1.763945654384538 1.773157531360883 1.791650811639366 1.818794940986067 1.849006221315176 1.876537658783409 1.900796076319778 1.924956217229717 1.951477017390576 1.978963255761998 2.002510059739149 2.018466980614702 2.028947478811872 2.041773269411105 2.070092920013183 2.130738638818255 2.223076431978037 2.309629929730572 2.360363168849086 2.379334356584505 2.379224237307836 2.368255521908523 2.35126067099934 2.331508160263785 2.311266129920089 2.291964895131626 2.274363129178662 2.258745819144464 2.245105514627493 2.23327918788466 2.223038446577388 2.214142691054604 2.206366905328328 2.199513753714843 2.19341677121708 2.187938967624761 2.182969402273978 2.178419143960775 2.174217337162136 2.170307696996237 2.16664553835383 2.163195334644327 2.159928752029639 2.156823087996415 2.153860042541748 2.151024757134093 2.148305066150082 2.145690915251417 2.143173910046662 2.14074696597629 2.138404036617291 2.136139902640024 2.133950007639554 2.131830330190098 2.12977728390308 2.127787639151659 2.125858461576854
 1.754427427549117 1.761889087864459 1.780118728104334 1.809254787887927 1.840549466312703 1.865512088417911 1.88531963964288 1.906686482470208 1.934715144744612 1.967843355747815 1.996587161381926 2.012553550807072 2.018155684543235 2.023253920442916 2.043855305845995 2.112995442106246 2.244769909195437 2.359148606909315 2.408040535984045 2.418341523167651 2.411324424313568 2.394629676350682 2.372402814851752 2.348011380397018 2.323945356349884 2.301699726015316 2.281948724629077 2.264822450138357 2.250149779399586 2.237626284062881 2.226913945577792 2.217692814325949 2.209683188639419 2.202651497380105 2.196408107679122 2.190801757349309 2.185713097071302 2.181048537274028 2.176734887524419 2.172714912749957 2.16894375959128 2.165386137929485 2.162014126209293 2.158805476724031 2.155742313915127 2.152810137694511 2.149997061510063 2.147293230084149 2.144690374215417 2.142181469949997 2.139760477172961 2.137422138644854 2.135161825078357 2.132975415327365 2.130859203397955 2.12880982598674 2.126824205762035
 1.750743204871962 1.756614370051372 1.774960194977756 1.805970279419292 1.83595880532374 1.854229390286234 1.86584188939498 1.881530246899282 1.909822033172531 1.951085823629645 1.989908054986613 2.009048171025415 2.01204561417891 2.012034388204182 2.022341172303041 2.091731652551866 2.269039057175188 2.404335853491356 2.440284679157478 2.442203410527509 2.431951668460231 2.412196596038632 2.386422711531454 2.358641905144026 2.331821934429918 2.307581777821625 2.286505519436077 2.268558899656878 2.2534098287505 2.240625693525846 2.229777219565784 2.220484325597227 2.212430223676091 2.205360043739317 2.1990730688721 2.193413233317635 2.188260035261129 2.183520699898345 2.179123782274954 2.175014112632246 2.171148882843346 2.167494655240811 2.164025094951868 2.160719259088611 2.157560309350468 2.154534544097029 2.151630670336147 2.148839255423203 2.146152313239247 2.14356299101382 2.141065331544251 2.138654091987919 2.136324605191481 2.134072673080953 2.131894484281392 2.129786550100491 2.127745654472667
 1.750705036866039 1.757316536951632 1.77797215312487 1.810151870739315 1.834369908395651 1.841847655006915 1.843323236321848 1.851160474874477 1.876115400410574 1.924746761144251 1.978787782006557 2.006447141807083 2.010513838973186 2.010000257462705 2.01525499802899 2.082135536833917 2.284946207376741 2.425356154158797 2.449511711170049 2.449088482506751 2.439541056923697 2.418803654294721 2.391211177374926 2.361732738030567 2.3337475833545 2.308899854592445 2.287637604568664 2.269765529767785 2.254820918506401 2.242282484558555 2.231668257107444 2.222571231156167 2.214664240524943 2.207691718033656 2.201457327845728 2.195811596596134 2.190641158270755 2.185860023658718 2.181402763706396 2.177219310872181 2.173271051646783 2.169527915484085 2.165966217028357 2.162567060570361 2.159315160824424 2.156197970581693 2.153205034066244 2.150327506205658 2.147557793953362 2.144889287543267 2.142316158164022 2.139833204826718 2.137435737784739 2.135119489207926 2.132880544254008 2.130715287464926 2.128620360723939
 1.755855589787844 1.766703357171959 1.791422331754609 1.820806248107656 1.833623615696142 1.829568609168896 1.823506439406497 1.824668204632786 1.842025708593657 1.890523565868024 1.958469628881497 2.000014624710666 2.010431760135162 2.011638227483827 2.021841751852896 2.092030789252238 2.274677021355185 2.413689747228078 2.445927774812337 2.446210493540856 2.435063964157103 2.413285864342139 2.3854031514864 2.356322298673486 2.329212445550811 2.305476871106788 2.285369630796006 2.268570372166633 2.254551664163448 2.242769960779268 2.232746773200414 2.224091959920087 2.21650058833595 2.209740016080192 2.203635089809224 2.198054729058899 2.19290091553935 2.188100119156381 2.183596822626222 2.179348720641294 2.175323199929324 2.171494774691652 2.167843223694777 2.164352237865878 2.161008437344553 2.157800655242301 2.154719413841188 2.151756539781565 2.14890487984471 2.14615808975513 2.143510476174538 2.140956877599611 2.138492573838485 2.136113216579502 2.133814775603667 2.13159349665976 2.129445868081471
 1.775246255377827 1.790698843117938 1.815566257221951 1.83462322321887 1.833466899112692 1.821260930888334 1.812960331809925 1.811810023226658 1.821471105405756 1.862935705199085 1.934289229072125 1.985109615251226 2.005047669224184 2.014217492108317 2.033177857548127 2.096865838701927 2.232066603185592 2.362143772757852 2.416155168380094 2.424652769585745 2.414276177523004 2.393719734020172 2.368388090408548 2.342523260551876 2.318673914163619 2.297888597865757 2.280274317418583 2.26548666686474 2.253036075804897 2.242442061882369 2.233294432035807 2.225266760146678 2.218109207972814 2.211634649849822 2.205704425849853 2.200216108823549 2.195093837205516 2.190281015951834 2.185734951864899 2.181422973962813 2.177319654108203 2.173404825498637 2.169662172225736 2.166078224469925 2.16264164069706 2.159342692664179 2.156172893840393 2.15312472946445 2.150191458870426 2.147366969415636 2.144645667435457 2.142022395912205 2.139492371532322 2.137051135905096 2.134694517195775 2.132418599473402 2.13021969781853
 1.816102552137052 1.830677088992547 1.846917213819736 1.850944382756693 1.837689188209656 1.820042863506983 1.811038593389693 1.810070582172037 1.817072490218173 1.855440113124683 1.923683601256834 1.969914596100504 1.985541036560309 1.99365246442094 2.013158854966493 2.064031838527369 2.162262818314716 2.275632906789165 2.347309883141348 2.373062844548945 2.372807413163989 2.359891584474621 2.341602837397856 2.322171744144482 2.303856666277727 2.287584964784158 2.273507887167931 2.261410161370967 2.250956131575045 2.241812150571687 2.233694599006581 2.226380185900156 2.219700241478298 2.213530075298747 2.20777830067521 2.202377881302642 2.19727922869991 2.192445123938339 2.187847084171226 2.183462806234167 2.179274385319539 2.175267079466157 2.171428453338207 2.167747783529184 2.164215643489869 2.160823611705214 2.157564064544787 2.154430027464426 2.151415066604844 2.148513208523091 2.145718879655265 2.143026859731568 2.140432245149131 2.137930419525894 2.135517029493601 2.133187964363045 2.13093933869306
 1.874777552133621 1.881098052328427 1.883807799042948 1.874473372289488 1.85260808384818 1.829623786694422 1.816729950716205 1.815015480797548 1.827643041842292 1.870766784195981 1.932490366048521 1.964645198936086 1.96765148976487 1.967096190749049 1.977465738714531 2.014555682826271 2.089742253589375 2.184873094418386 2.261325185424099 2.303089564195544 2.318128127402292 2.317847103285367 2.310032397046673 2.299202886520965 2.287752542572728 2.276786966178795 2.266696095375529 2.257521211267863 2.249164647270909 2.241494499320562 2.234388763756098 2.227748954367949 2.221500445107038 2.21558823034758 2.209971955095278 2.204621639323581 2.199514431328002 2.19463230320545 2.189960481708057 2.185486408762324 2.181199065501507 2.177088537885771 2.17314573923235 2.169362232906661 2.165730118083232 2.162241954784194 2.158890713158987 2.15566973762044 2.152572720044333 2.149593678494181 2.146726939333147 2.143967121445871 2.141309121817624 2.138748102034648 2.136279475458464 2.133898894938208 2.131602240989511
 1.939282107308455 1.935635254667313 1.927246185299556 1.91029080560895 1.884864435282925 1.858701297532374 1.842222996002114 1.84124083532957 1.860742355056653 1.904226271198121 1.949547773447425 1.964934264614677 1.961768585952825 1.960153361008721 1.964113563725923 1.988675461473765 2.04578784610014 2.122679751630983 2.192847186031817 2.240946780875185 2.267430241543631 2.278850445206387 2.281306359081865 2.278903814760903 2.274061193540796 2.26809049338554 2.261660412247398 2.255096961082358 2.24855638969212 2.242115509321104 2.235815088288144 2.229679201636754 2.223723320600069 2.217957574768349 2.212388139861026 2.207017982465262 2.201847414464193 2.196874590764345 2.192095970495812 2.187506731947043 2.183101130810365 2.178872797873446 2.174814978421416 2.17092071943838 2.167183012378801 2.163594899490219 2.160149551044637 2.156840319834102 2.153660778190598 2.150604741756036 2.147666283325357 2.144839739335252 2.142119710967236 2.139501061358814 2.136978910049005 2.134548625503363 2.132205816350276
 1.997220049436385 1.9875115065803 1.974070182925656 1.956556019321826 1.934614606549447 1.911690053028504 1.895896198866083 1.895162112535953 1.912880530460597 1.94340410771519 1.967011489274013 1.969192131621119 1.962601024773745 1.960514061373682 1.964782360695797 1.986987892904555 2.034810826758589 2.097743047203736 2.157858063240455 2.204190848693417 2.234988048133258 2.253198449433456 2.262604990087252 2.266256228076808 2.266238959278079 2.263890778452978 2.260056515784985 2.255278380329365 2.249915223894162 2.244212103795478 2.238340197303306 2.232420336633124 2.226537696552652 2.22075158201676 2.215102320714277 2.209616295175009 2.204309684404626 2.199191262551677 2.194264489688471 2.18952906622093 2.184982081159051 2.180618854493073 2.176433550773526 2.172419622760604 2.168570129671085 2.164877963397181 2.161336007508023 2.157937247352378 2.154674844714379 2.151542186858907 2.148532917138402 2.145640952379339 2.142860490840921 2.140186013501038 2.137612280670778 2.135134325391633 2.132747444672242
 2.039919497923333 2.028743543875901 2.015226573455056 2.002250192554159 1.989111787801113 1.974912190853874 1.963079964918959 1.959984584942432 1.968434882205577 1.98278319392829 1.990426682718857 1.984459658128253 1.974072078247054 1.970684441545411 1.979320999578653 2.00596195040122 2.051068760256475 2.10481317012561 2.155532300504629 2.196567284903953 2.226385299892476 2.246248583060797 2.258291622918472 2.264553359751055 2.266670227933334 2.265868997272832 2.263047432661291 2.258858247216165 2.253774916683274 2.248139610598356 2.242197875978853 2.236124071219421 2.23004024912382 2.224030249108086 2.218150199290955 2.212436300220607 2.206910551551129 2.201584932589611 2.196464431455952 2.191549225022377 2.186836238034652 2.182320251858906 2.177994688578018 2.173852162261687 2.169884863934986 2.16608482813436 2.162444115357534 2.158954934897159 2.155609725498916 2.152401206247379 2.149322406495581 2.146366681104846 2.143527715452098 2.140799523377703 2.138176440335131 2.135653113355195 2.133224488975737
 2.065002347919923 2.055002431004994 2.04338018381706 2.036209945927888 2.032014782867182 2.026283764435271 2.018791442381576 2.014261894648736 2.016633950275539 2.023286761420224 2.026521131634798 2.02114162837585 2.011965807681813 2.010085450375941 2.023213829736205 2.052990859128948 2.094630913384198 2.1397833735994 2.181407868712481 2.215647707501059 2.241318580849355 2.258893346753038 2.269629051894962 2.274982308245471 2.276302476725935 2.274714946326698 2.271104867706576 2.266143150018066 2.260325040079098 2.254008370667925 2.247446715451707 2.240816286383227 2.234236893622028 2.227787828066521 2.221519645498926 2.215462766177432 2.209633667385285 2.204039294498291 2.198680174961475 2.193552599884973 2.188650142104488 2.18396470569729 2.179487246628534 2.175208263632125 2.171118129141986 2.167207309197716 2.163466506480322 2.159886750263765 2.156459449821847 2.15317642278357 2.150029906422684 2.147012557432267 2.144117444044563 2.141338033182023 2.138668174508313 2.136102082678473 2.13363431868924
 2.076022087040753 2.068146961703798 2.058473714100438 2.055944226752859 2.057033775413332 2.055739355320028 2.051395043629135 2.048203906996611 2.051150512622477 2.059865673246033 2.0702326945009 2.078258795232231 2.083490079878775 2.091178620346337 2.1073739034408 2.133076969543202 2.164990973984589 2.198824416780865 2.230631777910287 2.257237664043034 2.276864994059162 2.289325659902379 2.295540497418888 2.296876333412713 2.294684037095859 2.290091198329385 2.283958347596609 2.276908352744795 2.269376648985794 2.261659617862161 2.253953993930033 2.246386663079956 2.239036336571606 2.231948956174046 2.225148474214459 2.21864430824215 2.212436445340751 2.206518906166266 2.200882075758789 2.195514257950899 2.190402701600185 2.185534269719512 2.18089586850655 2.176474715792982 2.1722585026833 2.168235484588764 2.164394525950183 2.160725114901912 2.157217358720461 2.153861967272962 2.150650229252107 2.147573984360974 2.144625593527357 2.141797908503889 2.139084241727816 2.136478336992346 2.133974341266886
 2.078972965061229 2.07268071476218 2.064664571459852 2.065110575038826 2.067410711668439 2.067216223308495 2.064804794020837 2.063774809455079 2.069349395750102 2.082340347983696 2.103831989629808 2.134618689275639 2.168653882400644 2.19703425721592 2.217178523042573 2.233269087721891 2.251030571970278 2.27278401304706 2.295937048783279 2.315658073411259 2.328568804991483 2.334034216287652 2.333273003027304 2.328099794490214 2.320174952910376 2.310747616936534 2.300659127182641 2.290435481184384 2.280386167751885 2.270681766661884 2.261407462692051 2.252597556016803 2.244256905850943 2.236373965321274 2.228928584441242 2.2218966138444 2.215252570946319 2.208971140863332 2.203027982005722 2.197400121359384 2.192066111778554 2.187006054962885 2.182201551985461 2.177635617820516 2.173292580926216 2.169157979680146 2.165218461957809 2.161461690921453 2.157876258245667 2.154451604993431 2.151177949832285 2.148046224038789 2.145048012655991 2.142175501169529 2.139421427109943 2.136779036047533 2.134242041508457
 2.078194429724877 2.071737303632956 2.065929435638736 2.068160946956581 2.069841265516636 2.06975199473935 2.068432681604691 2.068369872873975 2.072837130885409 2.083182190250112 2.110374530610532 2.16915654956937 2.245958983664702 2.301558648506733 2.324122279629776 2.328703615541672 2.333888200890954 2.348511406828536 2.368303362221817 2.384094702263009 2.390698326817906 2.388087583774671 2.378709753987385 2.365343409311905 2.350193089958655 2.334710642989616 2.319719407926734 2.305612786973415 2.292527087574239 2.280461678275859 2.269352105271541 2.259110443319818 2.249645646863168 2.240872712742611 2.232716007641411 2.225109767102127 2.217997360614526 2.211330124676127 2.205066141858118 2.199169126212486 2.193607468344956 2.188353444036943 2.183382569880121 2.178673083027477 2.174205522200408 2.169962389699476 2.165927877512986 2.162087643878582 2.158428629506432 2.15493890503436 2.151607543178064 2.148424510526095 2.145380575081536 2.142467226538084 2.139676606955332 2.137001450014348 2.134435027427685
 2.072693247128832 2.066258672808814 2.064077231740227 2.067982591964987 2.069840088149966 2.069768155684105 2.068622093457524 2.067502596587343 2.065180299662302 2.065531307013613 2.087827989067985 2.179801850948735 2.320891502691101 2.395755639458365 2.40945459185614 2.40131170987542 2.399581264374109 2.416681327768555 2.440759167764116 2.455593970915551 2.456219695936371 2.445108281507228 2.42654491278444 2.404405130495771 2.381500926803234 2.359528647560929 2.339305244190266 2.321080384649529 2.304796786792969 2.290262190552886 2.277245970171384 2.265525951351743 2.25490694912303 2.245225044345487 2.236345549767533 2.228158749583991 2.220575318677651 2.213522199851455 2.206939175016697 2.200776128122673 2.194990908331836 2.189547680896826 2.184415660448219 2.179568138153504 2.174981732192865 2.170635807002205 2.166512019848535 2.162593963588343 2.158866882323583 2.155317442591175 2.151933547139031 2.148704181619236 2.145619286954346 2.142669651925892 2.139846821860739 2.137143020274013 2.134551081057768
 2.059488457472623 2.055612044527337 2.057520529306508 2.063750412917142 2.067366159171993 2.067720345082803 2.066662912782696 2.064026448145899 2.056406303047245 2.051368254488428 2.061394478768469 2.185053725731626 2.402620059705812 2.462191420252314 2.46017067300708 2.444548436682212 2.445240809839392 2.476418073518964 2.508908896415877 2.521833876692222 2.516167735769477 2.497413329643328 2.470734525607646 2.440663266991735 2.410604285927644 2.382583539453466 2.35747253123137 2.335405826543868 2.316145412685354 2.299315668461126 2.284527465861585 2.271431944668897 2.259736770254995 2.249205106722205 2.239648066741529 2.23091574146859 2.222888928466115 2.215472238560451 2.20858863481385 2.202175221666813 2.196180044123558 2.190559670541639 2.185277369811553 2.180301733847584 2.175605631655137 2.171165409788767 2.166960276061953 2.162971819965632 2.159183635559894 2.15558102165122 2.152150740688483 2.14888082264593 2.145760403691912 2.142779592023351 2.139929355137726 2.137201424205145 2.134588212230016
 2.036841214849637 2.036498133722484 2.041554687818085 2.050209280430434 2.056782380781313 2.059805575077186 2.062033482981247 2.062336378662491 2.055618142579804 2.050545042441326 2.060080034639497 2.217744498340339 2.451038662610014 2.479884279337973 2.475589815816422 2.462454783199149 2.477949717622086 2.530111230907411 2.564086543042983 2.570974177723707 2.560648626632914 2.537572149944195 2.50569376343787 2.469870375182733 2.434278022434844 2.401453727712271 2.372426486869923 2.347272286132573 2.325612291603761 2.30692220369835 2.29068549818662 2.27645330743195 2.263857836410567 2.25260620763908 2.242468042129424 2.233262588503576 2.224847536426656 2.217110012263343 2.209959607219117 2.203323087547569 2.197140420463564 2.19136179891356 2.185945412527879 2.180855771463996 2.176062438622155 2.171539063541448 2.167262639726963 2.163212928172615 2.159372005216696 2.155723904054379 2.15225432735522 2.148950414332746 2.145800549902935 2.142794206695905 2.139921812973264 2.137174641184788 2.134544713139481
 2.004635101728413 2.005413000944624 2.01082643842115 2.020459518390517 2.030921515705247 2.040889082339157 2.052328215151474 2.062319485937016 2.063989333378923 2.064898866873441 2.097396929329193 2.261160657509706 2.441323413970612 2.475457831311909 2.471836162363327 2.466633464710523 2.50702391137445 2.56968010988476 2.593292924983856 2.594707168416901 2.584622069000656 2.561614599052658 2.5279081946797 2.489005489345399 2.450077801645867 2.4142586284606 2.382767264603294 2.355656020392996 2.332453385513168 2.312540212640722 2.295323318587914 2.280296714134227 2.26705098993647 2.25526279973141 2.244679065551092 2.235101763845786 2.226375171515294 2.218375815598048 2.211004792048424 2.204181982376449 2.197841726077381 2.191929585042647 2.186399917905324 2.181214052281255 2.17633889808721 2.171745886923297 2.167410153464869 2.163309897459794 2.159425881397188 2.155741030859478 2.152240113232482 2.148909476739854 2.145736836350236 2.142711096454416 2.139822202668688 2.137061016934871 2.134419211433891


